SMHiggsToZZTo4L: 0.00025092258303247293
ZZTo4mu: 0.0008244082707609549
ZZTo4e: 0.0008252996003192103
ZZTo2e2mu: 0.0019292717929539978
Run2012B_DoubleMuParked: 1.0
Run2012C_DoubleMuParked: 1.0
Run2012B_DoubleElectron: 1.0
Run2012C_DoubleElectron: 1.0